sourceid,dstid,hod,mean_travel_time,standard_deviation_travel_time,geometric_mean_travel_time,geometric_standard_deviation_travel_time
478,627,0,1145.57,523.7,1069.37,1.4
477,637,0,1163.38,250.21,1138.78,1.23
451,897,0,844.3,274.23,812.05,1.3
951,151,12,865.02,371.3,789.38,1.55
493,477,0,964.23,263.0,937.34,1.25
1039,600,20,1817.43,219.27,1804.19,1.13
463,777,0,925.44,203.0,903.74,1.24
912,541,12,681.18,200.77,653.97,1.33
249,976,13,727.83,397.15,636.3,1.69
279,676,13,484.72,161.67,459.81,1.38
1064,350,20,2039.88,415.07,1998.41,1.22
278,686,13,879.15,313.01,831.09,1.39
6,193,11,1843.62,534.1,1781.78,1.28
906,601,12,2373.86,496.3,2330.79,1.2
1114,694,19,1268.8,341.98,1222.41,1.32
1127,564,19,1959.08,570.74,1881.8,1.32
1117,187,20,1508.08,331.67,1475.36,1.23
1000,62,21,1182.53,652.33,1061.12,1.57
1004,22,21,1219.9,166.49,1209.13,1.14
1035,640,20,1141.67,160.81,1128.82,1.17
1149,344,19,1609.6,615.49,1539.55,1.31
390,1000,9,2219.0,532.42,2160.33,1.26
1005,12,21,1053.27,565.82,958.28,1.48
1119,644,19,1979.56,228.55,1966.21,1.12
805,327,21,913.83,233.64,887.11,1.27
822,157,21,1421.74,506.03,1337.6,1.42
823,147,21,1126.76,374.88,1079.83,1.32
817,207,21,630.7,195.95,602.77,1.35
1091,63,23,1274.01,505.38,1217.53,1.31
815,227,21,2310.08,1226.21,2150.32,1.38
1092,53,23,936.23,219.8,910.57,1.27
1006,360,6,1292.15,333.12,1249.94,1.3
967,117,15,985.0,870.35,835.15,1.63
616,741,16,305.52,310.37,227.11,2.29
653,371,16,275.8,150.42,248.3,1.57
922,567,15,692.45,172.62,673.19,1.26
595,451,3,905.87,330.91,857.59,1.37
594,461,3,172.68,145.97,145.33,1.67
940,387,15,762.04,238.73,682.77,1.99
583,571,3,946.81,421.4,899.4,1.33
581,1110,22,1621.05,254.49,1600.65,1.17
1005,370,6,467.77,202.76,442.84,1.35
1128,1091,16,160.33,116.37,136.81,1.72
647,431,16,2118.89,681.55,2014.07,1.38
1155,284,19,2329.1,898.38,2169.29,1.45
577,631,3,823.61,292.48,778.96,1.39
958,207,15,1214.16,391.61,1163.4,1.33
677,131,16,271.27,254.94,223.68,1.78
1004,950,20,2061.9,588.06,1970.79,1.37
390,29,9,1855.57,447.59,1805.58,1.26
1004,380,6,843.79,290.35,801.66,1.36
902,767,15,302.3,257.79,243.95,1.94
157,843,11,1043.87,416.9,973.76,1.44
177,643,11,408.57,182.65,368.1,1.61
476,647,0,654.4,368.39,578.8,1.6
589,511,3,839.38,127.29,829.87,1.16
261,1023,22,1379.53,264.7,1354.28,1.21
263,1003,22,1223.73,1066.58,994.51,1.75
903,757,15,1837.12,524.97,1766.59,1.32
612,781,16,241.11,186.75,214.56,1.49
437,47,10,918.64,333.4,881.62,1.3
289,927,10,487.84,271.11,433.54,1.59
160,994,14,1574.42,627.2,1494.21,1.34
935,437,15,1558.33,303.19,1531.24,1.2
162,974,14,1564.67,321.67,1534.85,1.21
1017,88,5,990.46,333.39,939.7,1.38
1090,73,23,1173.67,740.12,1034.18,1.58
176,834,14,1488.29,334.76,1450.23,1.26
282,997,10,1987.33,220.28,1974.9,1.12
745,62,11,1247.53,476.08,1153.61,1.5
912,667,15,1514.33,244.8,1496.63,1.16
659,311,16,2872.48,718.5,2785.74,1.28
595,962,11,2563.67,511.26,2513.73,1.22
1019,68,5,1720.88,474.95,1660.29,1.3
196,634,14,2377.73,512.11,2322.56,1.24
814,237,21,2423.38,1334.98,2208.34,1.47
1144,996,13,1056.48,923.09,899.78,1.61
629,611,16,2540.13,869.12,2394.72,1.42
183,583,11,1518.96,528.71,1439.84,1.38
591,923,11,2188.25,531.46,2132.81,1.25
191,684,14,1674.32,213.33,1660.55,1.14
1047,520,20,1892.0,227.9,1877.84,1.13
997,1155,8,2116.5,511.68,2052.1,1.29
998,1145,8,258.57,155.4,227.04,1.61
926,527,15,2045.76,659.3,1956.57,1.34
611,791,16,626.5,226.74,594.32,1.37
588,1027,16,1669.65,715.81,1575.64,1.37
581,1097,16,1065.65,316.8,1028.71,1.29
583,1077,16,2357.42,444.63,2310.34,1.23
199,423,11,1575.13,783.51,1457.44,1.44
955,237,15,1382.5,277.31,1354.9,1.22
619,711,16,1781.69,609.62,1697.37,1.35
553,871,3,1336.81,438.26,1275.16,1.35
935,1092,16,975.2,218.89,954.46,1.22
829,166,21,1644.91,603.6,1563.13,1.35
631,591,16,889.74,424.54,812.0,1.51
591,491,3,698.14,283.38,660.61,1.36
808,376,21,1166.93,303.04,1135.39,1.25
923,431,12,2078.17,895.21,1903.85,1.51
817,286,21,1738.13,329.55,1705.91,1.22
1136,474,19,2006.2,173.99,1998.31,1.09
906,727,15,1550.1,275.43,1525.83,1.19
628,621,16,2103.51,568.4,2036.05,1.29
586,541,3,1369.45,428.89,1317.3,1.3
371,349,23,910.9,571.83,798.78,1.6
310,959,23,720.07,214.25,695.87,1.28
394,119,23,1183.71,1226.01,871.37,1.95
365,409,23,651.53,424.79,553.38,1.72
489,992,14,1988.1,536.85,1918.1,1.31
1158,62,1,1423.78,413.62,1368.67,1.32
1005,134,11,518.99,152.32,501.4,1.29
352,539,23,710.83,303.71,670.26,1.36
826,117,21,1462.78,480.75,1398.36,1.33
1000,184,11,2470.17,1053.17,2238.71,1.57
561,791,3,1123.75,282.93,1093.05,1.26
315,44,14,1990.5,540.5,1913.94,1.33
392,139,23,870.4,331.53,837.34,1.28
1131,611,20,315.51,175.65,274.4,1.72
1121,711,20,2068.75,310.42,2045.9,1.16
1002,164,11,2672.0,669.48,2590.29,1.28
1130,621,20,2267.06,458.01,2220.93,1.23
364,419,23,1012.9,117.69,1005.7,1.13
1122,701,20,1387.76,215.05,1371.87,1.16
61,122,14,559.4,394.02,498.96,1.57
62,112,14,1165.81,368.54,1117.1,1.33
60,132,14,886.96,478.8,772.03,1.72
12,612,14,1939.71,607.59,1854.59,1.34
1112,801,20,1365.33,460.41,1307.0,1.32
43,302,14,997.21,204.79,976.3,1.23
1101,911,20,1196.33,284.05,1167.27,1.24
23,502,14,1636.56,435.83,1582.94,1.29
644,461,16,2526.94,500.45,2484.36,1.2
350,559,23,445.37,218.11,402.89,1.54
698,75,0,1585.8,447.17,1531.19,1.29
526,700,10,1604.38,464.95,1544.53,1.31
584,120,10,794.14,269.17,758.31,1.34
570,260,10,1486.06,409.69,1436.94,1.29
324,819,23,898.82,275.82,862.22,1.32
631,1023,3,811.8,322.37,757.01,1.44
195,644,14,1884.13,400.12,1845.91,1.22
525,710,10,1313.92,654.22,1204.24,1.47
718,977,13,678.39,282.86,636.23,1.4
798,177,13,1121.23,548.2,1038.23,1.43
680,1112,23,649.98,289.0,599.51,1.47
766,497,13,1138.43,554.08,1043.02,1.49
621,1123,3,997.92,357.33,943.68,1.38
208,1096,17,996.33,271.08,961.43,1.31
545,510,10,1856.33,719.19,1742.51,1.41
344,619,23,761.78,194.23,741.88,1.25
542,540,10,176.97,199.14,121.21,2.43
649,411,16,2294.4,392.89,2259.09,1.2
